Mass (eV)		y_N
1.748696565297641214e+01 8.274929333837238745e-10
1.467896372387694903e+01 4.378710758659447673e-10
1.232206931903315983e+01 2.486988329687134149e-10
1.010521550382583555e+01 1.412668198410369730e-10
8.287194378630308833e+00 8.024288995294225071e-11
6.486644971001453541e+00 4.723061119655344728e-11
5.319874759508412154e+00 3.202239827370835622e-11
4.734226445152211582e+00 2.684012903098641969e-11
4.262113138645688970e+00 1.635840106489628696e-11
3.705161753467799635e+00 9.624601508634006284e-12
3.183655874816104792e+00 5.662967453906123147e-12
2.767706018695023751e+00 3.705136968048549396e-12
2.434360511751266554e+00 2.601899652177231713e-12
2.091796174125715613e+00 1.763774373552354125e-12
1.756041881598876309e+00 1.283452852893319231e-12
1.474167427091364502e+00 9.014550992700634719e-13
1.237549478775098466e+00 6.559653844525638760e-13
1.038910847423994754e+00 4.773290764242212598e-13
8.823987480526563898e-01 3.728042661236590220e-13
7.582748640223602177e-01 3.237745777543382269e-13
6.219154935008276430e-01 2.714624306971408588e-13
5.160264928001403462e-01 1.776428560004595377e-13
3.992283714037508369e-01 1.045644937442916180e-13
3.161557984159014123e-01 6.376091712012931958e-14
2.445988297902785269e-01 3.888336178367297236e-14
1.982752040004005234e-01 2.544724469957405816e-14
1.570190252101895945e-01 1.607621689577495143e-14
1.214801874925213881e-01 9.803770727633322048e-15
9.181889091043481110e-02 5.979175525103774927e-15
7.271362900633916715e-02 3.777325421511893167e-15
5.495896077001900804e-02 2.223615918273657165e-15
4.506850299784415093e-02 9.858634353284834387e-16
3.695893049725285096e-02 4.860624390508100264e-16
3.102499606370362484e-02 2.860173127227629817e-16
2.850575132038640075e-02 1.783983991002822881e-16
2.606336577614227351e-02 1.110153035220586143e-16
2.383156517021516735e-02 7.199362995495920962e-17
2.203508801309942214e-02 4.766031844400958650e-17
1.992492289054841395e-02 3.027725601283577592e-17
1.781764178165727228e-02 1.923464168293238641e-17
1.629282773430308293e-02 1.299914067293680696e-17
1.409098691158680756e-02 7.924775193025983045e-18
1.232396752881035479e-02 5.139610724986863643e-18
1.089933699333069626e-02 3.402711660308583957e-18
9.640189564687599161e-03 2.396619374869526334e-18
8.526741139223777480e-03 1.723187906410673582e-18
7.458517589794958977e-03 1.239008293918971289e-18
6.451989616167912688e-03 8.908894400541516021e-19
5.581601478677864110e-03 6.675636227356910553e-19
4.775245889348957336e-03 5.002300778641764311e-19
4.040327314996442799e-03 3.826611263245849949e-19
3.343342744285934982e-03 2.927351417237090411e-19
2.990244178854279452e-03 2.104752793085211453e-19
2.586853275363676374e-03 1.577141477483868597e-19
2.164414088777340001e-03 1.157721261789727958e-19
1.851728403291632479e-03 8.675218037605740061e-20
1.532250032560313361e-03 6.500917781359798132e-20
1.325729830843502387e-03 5.400544417000937875e-20
1.097153490127538615e-03 4.487041341463213787e-20
9.080375854917387439e-04 3.884701275516561707e-20
7.599841011326044678e-04 3.578181661123425570e-20
6.361234130311154344e-04 3.506002852252120007e-20
5.384016309262204319e-04 3.435245551630916741e-20
