# SiO2, from https://physics.nist.gov/PhysRefData/Star/Text/ESTAR.html
1.000E-02 1.781E+01 
1.500E-02 1.313E+01 
2.000E-02 1.057E+01 
2.500E-02 8.944E+00 
3.000E-02 7.810E+00 
3.500E-02 6.971E+00 
4.000E-02 6.324E+00 
4.500E-02 5.809E+00 
5.000E-02 5.389E+00 
6.000E-02 4.744E+00 
7.000E-02 4.271E+00 
8.000E-02 3.910E+00 
9.000E-02 3.624E+00 
1.000E-01 3.393E+00 
1.500E-01 2.683E+00 
2.000E-01 2.323E+00 
2.500E-01 2.109E+00 
3.000E-01 1.969E+00 
3.500E-01 1.872E+00 
4.000E-01 1.801E+00 
4.500E-01 1.748E+00 
5.000E-01 1.708E+00 
6.000E-01 1.651E+00 
7.000E-01 1.616E+00 
8.000E-01 1.594E+00 
9.000E-01 1.579E+00 
1.000E+00 1.570E+00 
1.500E+00 1.566E+00 
2.000E+00 1.586E+00 
2.500E+00 1.612E+00 
3.000E+00 1.639E+00 
3.500E+00 1.665E+00 
4.000E+00 1.691E+00 
4.500E+00 1.716E+00 
5.000E+00 1.741E+00 
6.000E+00 1.787E+00 
7.000E+00 1.832E+00 
8.000E+00 1.875E+00 
9.000E+00 1.916E+00 
1.000E+01 1.957E+00 
1.500E+01 2.152E+00 
2.000E+01 2.338E+00 
2.500E+01 2.522E+00 
3.000E+01 2.703E+00 
3.500E+01 2.883E+00 
4.000E+01 3.063E+00 
4.500E+01 3.242E+00 
5.000E+01 3.421E+00 
6.000E+01 3.778E+00 
7.000E+01 4.136E+00 
8.000E+01 4.494E+00 
9.000E+01 4.853E+00 
1.000E+02 5.212E+00 
1.500E+02 7.011E+00 
2.000E+02 8.817E+00 
2.500E+02 1.063E+01 
3.000E+02 1.244E+01 
3.500E+02 1.426E+01 
4.000E+02 1.608E+01 
4.500E+02 1.790E+01 
5.000E+02 1.973E+01 
6.000E+02 2.338E+01 
7.000E+02 2.703E+01 
8.000E+02 3.069E+01 
9.000E+02 3.434E+01 
1.000E+03 3.800E+01 